Classification Report for DenseNet121:
              precision    recall  f1-score   support

           0     0.6417    0.8179    0.7192       335
           1     0.3780    0.4218    0.3987       147
           2     0.4533    0.4304    0.4416        79
           3     0.6172    0.5918    0.6042       316
           4     0.6667    0.6184    0.6416       152
           5     0.7078    0.7171    0.7124       152
           6     0.6800    0.6126    0.6445       111
           7     0.5090    0.4502    0.4778       251
           8     0.5000    0.5410    0.5197       268
           9     0.4895    0.4217    0.4531       166
          10     0.8222    0.7198    0.7676       257
          11     0.4576    0.4426    0.4500       122
          12     0.6000    0.5192    0.5567        52
          13     0.5217    0.2927    0.3750       123
          14     0.8237    0.8876    0.8545       258
          15     0.9369    0.9596    0.9481       495
          16     0.8496    0.8464    0.8480       267
          17     0.5600    0.3111    0.4000        45
          18     0.5272    0.7160    0.6073       257
          19     0.2900    0.1959    0.2339       148
          20     0.4299    0.3194    0.3665       144
          21     0.6667    0.6038    0.6337       159
          22     0.7353    0.7353    0.7353       510
          23     0.5664    0.5963    0.5809       322
          24     0.7399    0.7730    0.7561      1229
          25     0.9325    0.8941    0.9129       170
          26     0.8000    0.8077    0.8038       208
          27     0.4067    0.4315    0.4187       197
          28     0.3088    0.2143    0.2530        98
          29     0.4301    0.3897    0.4089       213
          30     0.9079    0.9452    0.9262       146
          31     0.7091    0.5571    0.6240        70
          32     0.5753    0.5676    0.5714        74
          33     0.5918    0.6591    0.6237        88
          34     0.7419    0.6765    0.7077       102
          35     0.5667    0.4048    0.4722        42
          36     0.5000    0.1562    0.2381        32
          37     0.8494    0.8565    0.8529       237
          38     0.3891    0.4163    0.4023       257
          39     0.5887    0.6058    0.5971       482
          40     0.6214    0.7111    0.6632        90
          41     0.7714    0.6667    0.7152        81
          42     0.5745    0.5806    0.5775        93
          43     0.8542    0.7069    0.7736        58
          44     0.7197    0.6013    0.6552       158
          45     0.4096    0.4531    0.4303       320
          46     0.5000    0.4467    0.4718       197
          47     0.5928    0.5325    0.5610       246
          48     0.8693    0.9045    0.8865       419
          49     0.6164    0.4975    0.5506       197
          50     0.7013    0.7660    0.7322       423
          51     0.6887    0.6754    0.6820       570
          52     0.2037    0.1410    0.1667        78
          53     0.7576    0.4630    0.5747        54
          54     0.3831    0.3598    0.3711       264
          55     0.4286    0.4286    0.4286        56
          56     0.9420    0.9220    0.9319       141
          57     0.4393    0.4087    0.4234       115
          58     0.9078    0.9121    0.9100       421
          59     0.7216    0.6542    0.6863       107
          60     0.5577    0.5472    0.5524        53
          61     0.7600    0.7917    0.7755        24
          62     0.9512    0.9176    0.9341        85
          63     0.4375    0.2692    0.3333        26
          64     0.6526    0.6667    0.6596        93
          65     0.7632    0.6905    0.7250        42
          66     0.8224    0.7652    0.7928       230
          67     0.8951    0.8777    0.8863      1594
          68     0.8963    0.8522    0.8737       345
          69     0.8361    0.7839    0.8091       384
          70     0.8041    0.8426    0.8229      1525
          71     0.7436    0.8365    0.7873       208
          72     0.6842    0.5909    0.6341        22
          73     0.9624    0.9481    0.9552       135
          74     0.6164    0.7759    0.6870       116
          75     0.8095    0.6538    0.7234        52
          76     0.8091    0.8203    0.8146       217
          77     0.6977    0.7143    0.7059       126
          78     0.8415    0.8846    0.8625        78
          79     0.6667    0.7059    0.6857        68
          80     0.6842    0.5652    0.6190        23
          81     0.6500    0.4333    0.5200        30
          82     0.8326    0.8846    0.8578       208
          83     0.7373    0.7436    0.7404       117
          84     0.7214    0.7652    0.7426       132
          85     0.5714    0.3137    0.4051        51
          86     0.6385    0.6352    0.6368       392
          87     0.6970    0.7340    0.7150        94
          88     0.7266    0.7623    0.7440       122
          89     0.4138    0.4211    0.4174        57
          90     0.5690    0.4853    0.5238        68
          91     0.5070    0.6792    0.5806       106
          92     0.6324    0.7078    0.6680       243
          93     0.5143    0.5921    0.5505       152
          94     0.7886    0.7931    0.7908       174
          95     0.7724    0.7619    0.7671       147
          96     0.7222    0.6190    0.6667        63
          97     0.5682    0.5435    0.5556        92
          98     0.8889    0.2857    0.4324        28
          99     0.7179    0.6707    0.6935       167
         100     0.7295    0.6449    0.6846       138
         101     0.8463    0.9013    0.8730      1723

    accuracy                         0.7170     22619
   macro avg     0.6599    0.6258    0.6366     22619
weighted avg     0.7146    0.7170    0.7136     22619
