Classification Report for DualStream_Swin_BEiT:
              precision    recall  f1-score   support

           0     0.6766    0.8119    0.7381       335
           1     0.4783    0.4490    0.4632       147
           2     0.5370    0.3671    0.4361        79
           3     0.6813    0.5886    0.6316       316
           4     0.6478    0.6776    0.6624       152
           5     0.7852    0.7697    0.7774       152
           6     0.6379    0.6667    0.6520       111
           7     0.5652    0.5179    0.5405       251
           8     0.4916    0.5448    0.5168       268
           9     0.5369    0.4819    0.5079       166
          10     0.8285    0.7704    0.7984       257
          11     0.5200    0.4262    0.4685       122
          12     0.6444    0.5577    0.5979        52
          13     0.3860    0.3577    0.3713       123
          14     0.8540    0.9070    0.8797       258
          15     0.9777    0.9737    0.9757       495
          16     0.9192    0.8951    0.9070       267
          17     0.4444    0.3556    0.3951        45
          18     0.5892    0.6809    0.6318       257
          19     0.2919    0.3176    0.3042       148
          20     0.5138    0.3889    0.4427       144
          21     0.7310    0.6667    0.6974       159
          22     0.7523    0.7980    0.7745       510
          23     0.6221    0.5932    0.6073       322
          24     0.8002    0.8405    0.8198      1229
          25     0.9401    0.9235    0.9318       170
          26     0.7706    0.8558    0.8109       208
          27     0.4180    0.4010    0.4093       197
          28     0.3286    0.2347    0.2738        98
          29     0.4240    0.4319    0.4279       213
          30     0.9139    0.9452    0.9293       146
          31     0.8333    0.5714    0.6780        70
          32     0.6269    0.5676    0.5957        74
          33     0.6000    0.6136    0.6067        88
          34     0.8000    0.8235    0.8116       102
          35     0.5625    0.4286    0.4865        42
          36     0.5789    0.3438    0.4314        32
          37     0.8760    0.9241    0.8994       237
          38     0.4228    0.4903    0.4541       257
          39     0.5888    0.6120    0.6002       482
          40     0.6635    0.7667    0.7113        90
          41     0.8378    0.7654    0.8000        81
          42     0.6168    0.7097    0.6600        93
          43     0.8182    0.7759    0.7965        58
          44     0.7551    0.7025    0.7279       158
          45     0.4950    0.4656    0.4799       320
          46     0.5767    0.5533    0.5648       197
          47     0.6009    0.5691    0.5846       246
          48     0.9409    0.9499    0.9454       419
          49     0.6800    0.5178    0.5879       197
          50     0.7379    0.7589    0.7483       423
          51     0.7140    0.7228    0.7184       570
          52     0.2000    0.1410    0.1654        78
          53     0.7000    0.5185    0.5957        54
          54     0.4623    0.5114    0.4856       264
          55     0.5517    0.5714    0.5614        56
          56     0.9779    0.9433    0.9603       141
          57     0.5185    0.4870    0.5022       115
          58     0.9538    0.9311    0.9423       421
          59     0.8000    0.7477    0.7729       107
          60     0.7451    0.7170    0.7308        53
          61     0.8000    0.8333    0.8163        24
          62     0.9759    0.9529    0.9643        85
          63     0.7143    0.3846    0.5000        26
          64     0.7416    0.7097    0.7253        93
          65     0.6458    0.7381    0.6889        42
          66     0.8702    0.7870    0.8265       230
          67     0.8783    0.9097    0.8937      1594
          68     0.8980    0.9188    0.9083       345
          69     0.8316    0.8359    0.8338       384
          70     0.8460    0.8570    0.8515      1525
          71     0.8318    0.8798    0.8551       208
          72     0.6667    0.5455    0.6000        22
          73     0.9565    0.9778    0.9670       135
          74     0.6615    0.7414    0.6992       116
          75     0.7347    0.6923    0.7129        52
          76     0.8780    0.8295    0.8531       217
          77     0.7339    0.7222    0.7280       126
          78     0.9571    0.8590    0.9054        78
          79     0.7656    0.7206    0.7424        68
          80     0.7000    0.6087    0.6512        23
          81     0.5385    0.4667    0.5000        30
          82     0.8807    0.9231    0.9014       208
          83     0.8020    0.6923    0.7431       117
          84     0.6815    0.8106    0.7405       132
          85     0.6774    0.4118    0.5122        51
          86     0.6702    0.6480    0.6589       392
          87     0.7113    0.7340    0.7225        94
          88     0.8607    0.8607    0.8607       122
          89     0.4706    0.4211    0.4444        57
          90     0.6324    0.6324    0.6324        68
          91     0.6970    0.6509    0.6732       106
          92     0.6866    0.7572    0.7202       243
          93     0.5932    0.6908    0.6383       152
          94     0.8333    0.8333    0.8333       174
          95     0.7975    0.8571    0.8262       147
          96     0.8269    0.6825    0.7478        63
          97     0.5698    0.5326    0.5506        92
          98     0.8571    0.4286    0.5714        28
          99     0.8571    0.6826    0.7600       167
         100     0.6340    0.7029    0.6667       138
         101     0.8912    0.9077    0.8994      1723

    accuracy                         0.7520     22619
   macro avg     0.6980    0.6689    0.6795     22619
weighted avg     0.7506    0.7520    0.7498     22619
