Classification Report for EfficientNet_B0:
              precision    recall  f1-score   support

           0     0.6892    0.7612    0.7234       335
           1     0.4697    0.4218    0.4444       147
           2     0.4035    0.2911    0.3382        79
           3     0.5467    0.6108    0.5770       316
           4     0.6093    0.6053    0.6073       152
           5     0.7517    0.7171    0.7340       152
           6     0.6176    0.5676    0.5915       111
           7     0.4719    0.5020    0.4865       251
           8     0.5299    0.5299    0.5299       268
           9     0.4847    0.4759    0.4802       166
          10     0.7176    0.7121    0.7148       257
          11     0.4839    0.3689    0.4186       122
          12     0.5556    0.4808    0.5155        52
          13     0.5341    0.3821    0.4455       123
          14     0.8259    0.8643    0.8447       258
          15     0.9293    0.9556    0.9422       495
          16     0.7663    0.8352    0.7993       267
          17     0.3774    0.4444    0.4082        45
          18     0.5329    0.5992    0.5641       257
          19     0.3200    0.2703    0.2930       148
          20     0.4375    0.3889    0.4118       144
          21     0.6291    0.5975    0.6129       159
          22     0.7178    0.6882    0.7027       510
          23     0.5709    0.5000    0.5331       322
          24     0.7039    0.7486    0.7256      1229
          25     0.8686    0.8941    0.8812       170
          26     0.7850    0.7548    0.7696       208
          27     0.3598    0.3452    0.3523       197
          28     0.2740    0.2041    0.2339        98
          29     0.3374    0.3850    0.3596       213
          30     0.9225    0.8973    0.9097       146
          31     0.6000    0.5571    0.5778        70
          32     0.5410    0.4459    0.4889        74
          33     0.5543    0.5795    0.5667        88
          34     0.7320    0.6961    0.7136       102
          35     0.4571    0.3810    0.4156        42
          36     0.5000    0.2500    0.3333        32
          37     0.7920    0.8354    0.8131       237
          38     0.3727    0.4669    0.4145       257
          39     0.5955    0.5436    0.5683       482
          40     0.5789    0.7333    0.6471        90
          41     0.7297    0.6667    0.6968        81
          42     0.5556    0.5914    0.5729        93
          43     0.7213    0.7586    0.7395        58
          44     0.6098    0.6329    0.6211       158
          45     0.4147    0.3344    0.3702       320
          46     0.5385    0.4264    0.4759       197
          47     0.5481    0.5325    0.5402       246
          48     0.8854    0.8854    0.8854       419
          49     0.5988    0.4924    0.5404       197
          50     0.6947    0.7423    0.7177       423
          51     0.6782    0.6544    0.6661       570
          52     0.1600    0.1026    0.1250        78
          53     0.6122    0.5556    0.5825        54
          54     0.3500    0.3712    0.3603       264
          55     0.5128    0.3571    0.4211        56
          56     0.9296    0.9362    0.9329       141
          57     0.4327    0.3913    0.4110       115
          58     0.9150    0.8694    0.8916       421
          59     0.6204    0.6262    0.6233       107
          60     0.7073    0.5472    0.6170        53
          61     0.7619    0.6667    0.7111        24
          62     0.9195    0.9412    0.9302        85
          63     0.5455    0.2308    0.3243        26
          64     0.5579    0.5699    0.5638        93
          65     0.6818    0.7143    0.6977        42
          66     0.7731    0.7261    0.7489       230
          67     0.8704    0.8846    0.8774      1594
          68     0.8348    0.8493    0.8420       345
          69     0.8048    0.7839    0.7942       384
          70     0.7915    0.8138    0.8025      1525
          71     0.7500    0.7933    0.7710       208
          72     0.5417    0.5909    0.5652        22
          73     0.9424    0.9704    0.9562       135
          74     0.6260    0.7069    0.6640       116
          75     0.8000    0.6923    0.7423        52
          76     0.7965    0.8295    0.8126       217
          77     0.6693    0.6746    0.6719       126
          78     0.8025    0.8333    0.8176        78
          79     0.6471    0.6471    0.6471        68
          80     0.6190    0.5652    0.5909        23
          81     0.4737    0.6000    0.5294        30
          82     0.8060    0.8990    0.8500       208
          83     0.7778    0.7179    0.7467       117
          84     0.6375    0.7727    0.6986       132
          85     0.5556    0.3922    0.4598        51
          86     0.6305    0.6531    0.6416       392
          87     0.7159    0.6702    0.6923        94
          88     0.7838    0.7131    0.7468       122
          89     0.3784    0.4912    0.4275        57
          90     0.5385    0.6176    0.5753        68
          91     0.4925    0.6226    0.5500       106
          92     0.6000    0.6914    0.6424       243
          93     0.5423    0.5066    0.5238       152
          94     0.7216    0.8046    0.7609       174
          95     0.7872    0.7551    0.7708       147
          96     0.7234    0.5397    0.6182        63
          97     0.5000    0.4457    0.4713        92
          98     0.7692    0.3571    0.4878        28
          99     0.7591    0.6228    0.6842       167
         100     0.6894    0.6594    0.6741       138
         101     0.8438    0.8683    0.8558      1723

    accuracy                         0.6983     22619
   macro avg     0.6336    0.6142    0.6198     22619
weighted avg     0.6956    0.6983    0.6955     22619
