Classification Report for MobileNetV2:
              precision    recall  f1-score   support

           0     0.5711    0.8388    0.6796       335
           1     0.4074    0.2993    0.3451       147
           2     0.3684    0.1772    0.2393        79
           3     0.5244    0.5791    0.5504       316
           4     0.6159    0.6118    0.6139       152
           5     0.6928    0.6974    0.6951       152
           6     0.5347    0.4865    0.5094       111
           7     0.4945    0.5378    0.5153       251
           8     0.4332    0.4478    0.4404       268
           9     0.4630    0.3012    0.3650       166
          10     0.6867    0.6654    0.6759       257
          11     0.5432    0.3607    0.4335       122
          12     0.5714    0.4615    0.5106        52
          13     0.3684    0.1707    0.2333       123
          14     0.7732    0.8721    0.8197       258
          15     0.9381    0.9495    0.9438       495
          16     0.7670    0.8015    0.7839       267
          17     0.5926    0.3556    0.4444        45
          18     0.4554    0.7549    0.5681       257
          19     0.2143    0.1216    0.1552       148
          20     0.3333    0.2778    0.3030       144
          21     0.6250    0.5975    0.6109       159
          22     0.6136    0.6882    0.6488       510
          23     0.5320    0.4907    0.5105       322
          24     0.6328    0.8007    0.7069      1229
          25     0.8506    0.8706    0.8605       170
          26     0.6991    0.7260    0.7123       208
          27     0.3793    0.2792    0.3216       197
          28     0.2609    0.1224    0.1667        98
          29     0.3858    0.3568    0.3707       213
          30     0.8344    0.8973    0.8647       146
          31     0.7391    0.4857    0.5862        70
          32     0.5088    0.3919    0.4427        74
          33     0.5158    0.5568    0.5355        88
          34     0.7849    0.7157    0.7487       102
          35     0.5333    0.3810    0.4444        42
          36     0.5556    0.1562    0.2439        32
          37     0.7983    0.8017    0.8000       237
          38     0.3472    0.3580    0.3525       257
          39     0.5124    0.5996    0.5526       482
          40     0.6304    0.6444    0.6374        90
          41     0.7143    0.5556    0.6250        81
          42     0.5412    0.4946    0.5169        93
          43     0.7500    0.6724    0.7091        58
          44     0.5952    0.4747    0.5282       158
          45     0.3843    0.2594    0.3097       320
          46     0.5152    0.4315    0.4696       197
          47     0.5733    0.5244    0.5478       246
          48     0.8707    0.8520    0.8613       419
          49     0.5974    0.4670    0.5242       197
          50     0.6820    0.7352    0.7076       423
          51     0.6371    0.6684    0.6524       570
          52     0.3333    0.0385    0.0690        78
          53     0.6154    0.4444    0.5161        54
          54     0.3969    0.3864    0.3916       264
          55     0.6129    0.3393    0.4368        56
          56     0.9236    0.9433    0.9333       141
          57     0.4286    0.3130    0.3618       115
          58     0.8786    0.8599    0.8691       421
          59     0.5556    0.6075    0.5804       107
          60     0.4225    0.5660    0.4839        53
          61     0.6842    0.5417    0.6047        24
          62     0.9512    0.9176    0.9341        85
          63     0.8000    0.1538    0.2581        26
          64     0.5714    0.4731    0.5176        93
          65     0.7576    0.5952    0.6667        42
          66     0.7623    0.7391    0.7506       230
          67     0.8624    0.8570    0.8597      1594
          68     0.8091    0.8232    0.8161       345
          69     0.7512    0.8099    0.7794       384
          70     0.7785    0.7836    0.7810      1525
          71     0.6979    0.7885    0.7404       208
          72     0.6875    0.5000    0.5789        22
          73     0.9214    0.9556    0.9382       135
          74     0.6336    0.7155    0.6721       116
          75     0.6875    0.6346    0.6600        52
          76     0.7083    0.7834    0.7440       217
          77     0.6423    0.6270    0.6345       126
          78     0.7204    0.8590    0.7836        78
          79     0.6197    0.6471    0.6331        68
          80     0.7143    0.4348    0.5405        23
          81     0.5882    0.3333    0.4255        30
          82     0.7702    0.8702    0.8172       208
          83     0.7523    0.7009    0.7257       117
          84     0.6266    0.7500    0.6828       132
          85     0.4762    0.1961    0.2778        51
          86     0.6179    0.6684    0.6422       392
          87     0.6452    0.6383    0.6417        94
          88     0.6279    0.6639    0.6454       122
          89     0.3415    0.2456    0.2857        57
          90     0.5652    0.3824    0.4561        68
          91     0.5182    0.5377    0.5278       106
          92     0.5243    0.6667    0.5870       243
          93     0.4968    0.5066    0.5016       152
          94     0.6780    0.7989    0.7335       174
          95     0.7971    0.7483    0.7719       147
          96     0.7727    0.5397    0.6355        63
          97     0.4615    0.2609    0.3333        92
          98     0.7143    0.1786    0.2857        28
          99     0.6579    0.5988    0.6270       167
         100     0.6111    0.5580    0.5833       138
         101     0.8618    0.8468    0.8542      1723

    accuracy                         0.6755     22619
   macro avg     0.6175    0.5652    0.5781     22619
weighted avg     0.6695    0.6755    0.6674     22619
