Classification Report for ResNet50:
              precision    recall  f1-score   support

           0     0.6724    0.8149    0.7368       335
           1     0.4961    0.4286    0.4599       147
           2     0.5070    0.4557    0.4800        79
           3     0.5801    0.6076    0.5935       316
           4     0.5683    0.6842    0.6209       152
           5     0.7786    0.7171    0.7466       152
           6     0.6667    0.6306    0.6481       111
           7     0.5440    0.5418    0.5429       251
           8     0.5127    0.5261    0.5193       268
           9     0.4678    0.4819    0.4748       166
          10     0.7701    0.7821    0.7761       257
          11     0.4419    0.4672    0.4542       122
          12     0.5957    0.5385    0.5657        52
          13     0.4400    0.3577    0.3946       123
          14     0.8615    0.8682    0.8649       258
          15     0.9617    0.9636    0.9627       495
          16     0.8417    0.8764    0.8587       267
          17     0.4054    0.3333    0.3659        45
          18     0.5616    0.6381    0.5974       257
          19     0.3136    0.2500    0.2782       148
          20     0.3972    0.3889    0.3930       144
          21     0.6806    0.6164    0.6469       159
          22     0.7324    0.7353    0.7339       510
          23     0.5980    0.5590    0.5778       322
          24     0.7416    0.7754    0.7582      1229
          25     0.9375    0.8824    0.9091       170
          26     0.7706    0.8077    0.7887       208
          27     0.3684    0.3198    0.3424       197
          28     0.3043    0.2857    0.2947        98
          29     0.3740    0.4460    0.4069       213
          30     0.8720    0.9795    0.9226       146
          31     0.7143    0.6429    0.6767        70
          32     0.6140    0.4730    0.5344        74
          33     0.6020    0.6705    0.6344        88
          34     0.9022    0.8137    0.8557       102
          35     0.5455    0.4286    0.4800        42
          36     0.4348    0.3125    0.3636        32
          37     0.8140    0.8861    0.8485       237
          38     0.4427    0.4358    0.4392       257
          39     0.5819    0.6266    0.6034       482
          40     0.6437    0.6222    0.6328        90
          41     0.7073    0.7160    0.7117        81
          42     0.5517    0.6882    0.6124        93
          43     0.8913    0.7069    0.7885        58
          44     0.6309    0.5949    0.6124       158
          45     0.4548    0.4875    0.4706       320
          46     0.4949    0.4924    0.4936       197
          47     0.5841    0.5366    0.5593       246
          48     0.9335    0.9045    0.9188       419
          49     0.6312    0.5127    0.5658       197
          50     0.6923    0.7660    0.7273       423
          51     0.7116    0.6754    0.6931       570
          52     0.1772    0.1795    0.1783        78
          53     0.6000    0.5000    0.5455        54
          54     0.4562    0.4735    0.4647       264
          55     0.3913    0.4821    0.4320        56
          56     0.9485    0.9149    0.9314       141
          57     0.5100    0.4435    0.4744       115
          58     0.9280    0.8884    0.9078       421
          59     0.6239    0.6822    0.6518       107
          60     0.6038    0.6038    0.6038        53
          61     0.8000    0.8333    0.8163        24
          62     0.9524    0.9412    0.9467        85
          63     0.5417    0.5000    0.5200        26
          64     0.7826    0.5806    0.6667        93
          65     0.6512    0.6667    0.6588        42
          66     0.8537    0.7609    0.8046       230
          67     0.8709    0.8846    0.8777      1594
          68     0.9061    0.8667    0.8859       345
          69     0.7901    0.8333    0.8112       384
          70     0.8363    0.8275    0.8319      1525
          71     0.7658    0.8173    0.7907       208
          72     0.7143    0.6818    0.6977        22
          73     0.9236    0.9852    0.9534       135
          74     0.6241    0.7586    0.6848       116
          75     0.7805    0.6154    0.6882        52
          76     0.8396    0.8203    0.8298       217
          77     0.7522    0.6746    0.7113       126
          78     0.8293    0.8718    0.8500        78
          79     0.7302    0.6765    0.7023        68
          80     0.7143    0.6522    0.6818        23
          81     0.4894    0.7667    0.5974        30
          82     0.8779    0.8990    0.8884       208
          83     0.7007    0.8205    0.7559       117
          84     0.7445    0.7727    0.7584       132
          85     0.6364    0.2745    0.3836        51
          86     0.6797    0.6658    0.6727       392
          87     0.7667    0.7340    0.7500        94
          88     0.8319    0.8115    0.8216       122
          89     0.4800    0.4211    0.4486        57
          90     0.5823    0.6765    0.6259        68
          91     0.5591    0.6698    0.6094       106
          92     0.6693    0.7078    0.6880       243
          93     0.5759    0.5987    0.5871       152
          94     0.7749    0.8506    0.8110       174
          95     0.8472    0.8299    0.8385       147
          96     0.8163    0.6349    0.7143        63
          97     0.4851    0.5326    0.5078        92
          98     0.7059    0.4286    0.5333        28
          99     0.7239    0.7066    0.7152       167
         100     0.6690    0.6884    0.6786       138
         101     0.9123    0.8514    0.8808      1723

    accuracy                         0.7252     22619
   macro avg     0.6644    0.6521    0.6549     22619
weighted avg     0.7270    0.7252    0.7247     22619
